image_width: 1920
image_height: 1080
camera_name: sim_1080p
camera_matrix:
  rows: 3
  cols: 3
  data: [1168.47103,    0.     ,  984.20482,
            0.     , 1174.02217,  562.58081,
            0.     ,    0.     ,    1.     ]
camera_model: plumb_bob
distortion_coefficients:
  rows: 1
  cols: 5
  data: [0.0, 0.0, 0.0, 0.0, 0.0]
rectification_matrix:
  rows: 3
  cols: 3
  data: [1., 0., 0.,
         0., 1., 0.,
         0., 0., 1.]
projection_matrix:
  rows: 3
  cols: 4
  data: [1168.47103,    0.     ,  984.20482,  0.,
            0.     , 1174.02217,  562.58081,  0.,
            0.     ,    0.     ,    1.,       0.]
