image_width: 1280
image_height: 720
camera_name: narrow_stereo
camera_matrix:
  rows: 3
  cols: 3
  data: [1388.53053,    0.     ,  656.47331,
            0.     , 1392.66513,  389.25101,
            0.     ,    0.     ,    1.     ]
camera_model: plumb_bob
distortion_coefficients:
  rows: 1
  cols: 5
  data: [-0.021515, 0.062428, -0.001565, -0.003029, 0.000000]
rectification_matrix:
  rows: 3
  cols: 3
  data: [1., 0., 0.,
         0., 1., 0.,
         0., 0., 1.]
projection_matrix:
  rows: 3
  cols: 4
  data: [1388.62646,    0.     ,  653.38926,    0.     ,
            0.     , 1395.52209,  388.28399,    0.     ,
            0.     ,    0.     ,    1.     ,    0.     ]
