image_width: 1280
image_height: 720
camera_name: narrow_stereo
camera_matrix:
  rows: 3
  cols: 3
  data: [1604.30962,    0.     ,  652.15992,
            0.     , 1603.12494,  291.99737,
            0.     ,    0.     ,    1.     ]
camera_model: plumb_bob
distortion_coefficients:
  rows: 1
  cols: 5
  data: [-0.003720, 0.033099, 0.002304, -0.003367, 0.000000]
rectification_matrix:
  rows: 3
  cols: 3
  data: [1., 0., 0.,
         0., 1., 0.,
         0., 0., 1.]
projection_matrix:
  rows: 3
  cols: 4
  data: [1607.87793,    0.     ,  649.18249,    0.     ,
            0.     , 1609.64954,  293.20127,    0.     ,
            0.     ,    0.     ,    1.     ,    0.     ]
