image_width: 1280
image_height: 720
camera_name: narrow_stereo
camera_matrix:
  rows: 3
  cols: 3
  data: [1399.18509,    0.     ,  648.06626,
            0.     , 1400.65083,  388.4641 ,
            0.     ,    0.     ,    1.     ]
camera_model: plumb_bob
distortion_coefficients:
  rows: 1
  cols: 5
  data: [-0.088061, 0.175140, 0.008576, -0.004938, 0.000000]
rectification_matrix:
  rows: 3
  cols: 3
  data: [1., 0., 0.,
         0., 1., 0.,
         0., 0., 1.]
projection_matrix:
  rows: 3
  cols: 4
  data: [1389.51904,    0.     ,  643.2905 ,    0.     ,
            0.     , 1395.44067,  392.13258,    0.     ,
            0.     ,    0.     ,    1.     ,    0.     ]
