image_width: 1280
image_height: 720
camera_name: narrow_stereo
camera_matrix:
  rows: 3
  cols: 3
  data: [1458.64264,    0.     ,  661.09916,
            0.     , 1462.84357,  398.5656 ,
            0.     ,    0.     ,    1.     ]
camera_model: plumb_bob
distortion_coefficients:
  rows: 1
  cols: 5
  data: [0.033665, -0.031315, 0.003052, 0.002618, 0.000000]
rectification_matrix:
  rows: 3
  cols: 3
  data: [1., 0., 0.,
         0., 1., 0.,
         0., 0., 1.]
projection_matrix:
  rows: 3
  cols: 4
  data: [1469.29761,    0.     ,  663.28212,    0.     ,
            0.     , 1474.45728,  400.05082,    0.     ,
            0.     ,    0.     ,    1.     ,    0.     ]
