image_width: 1280
image_height: 720
camera_name: narrow_stereo
camera_matrix:
  rows: 3
  cols: 3
  data: [1506.48439,    0.     ,  730.25879,
            0.     , 1505.70153,  318.9625 ,
            0.     ,    0.     ,    1.     ]
camera_model: plumb_bob
distortion_coefficients:
  rows: 1
  cols: 5
  data: [0.001975, -0.027661, 0.001842, 0.005466, 0.000000]
rectification_matrix:
  rows: 3
  cols: 3
  data: [1., 0., 0.,
         0., 1., 0.,
         0., 0., 1.]
projection_matrix:
  rows: 3
  cols: 4
  data: [1503.35852,    0.     ,  735.34858,    0.     ,
            0.     , 1511.16077,  319.7551 ,    0.     ,
            0.     ,    0.     ,    1.     ,    0.     ]
