image_width: 1024
image_height: 720
camera_name: narrow_stereo
camera_matrix:
  rows: 3
  cols: 3
  data: [378.8600704145857, 0.0, 512.0, 0.0, 378.8600704145857, 360.0, 0.0, 0.0, 1.0]
camera_model: plumb_bob
distortion_coefficients:
  rows: 1
  cols: 5
  data: [0.0, 0.0, 0.0, 0.0, 0.0]
rectification_matrix:
  rows: 3
  cols: 3
  data: [1., 0., 0.,
         0., 1., 0.,
         0., 0., 1.]
projection_matrix:
  rows: 3
  cols: 4
  data: [378.8600704145857, 0.0, 512.0, 0.0, 0.0, 378.8600704145857, 360.0, 0.0, 0.0, 0.0, 1.0, 0.0]
